0 1
0 2
0 3
0 4
0 5
0 6
0 7
0 8
0 9
0 10
0 11
0 12
0 13
0 14
0 15
0 16
0 17
0 18
0 19
0 20
21 22
21 23
21 24
21 25
21 26
21 27
21 28
21 29
21 30
21 31
21 32
21 33
21 34
21 35
21 36
21 37
21 38
21 39
21 40
21 41
42 43
42 44
42 45
42 46
42 47
42 48
42 49
42 50
42 51
42 52
42 53
42 54
42 55
42 56
42 57
42 58
42 59
42 60
42 61
42 62
43 2117
48 735
48 58
48 56
48 736
48 737
48 738
48 54
48 739
48 740
48 741
48 742
48 743
48 744
48 745
53 2117
55 61
57 61
61 62
61 1490
61 1491
61 1492
61 1493
61 1494
61 1495
61 1496
61 1497
61 1498
61 1499
61 1500
61 1501
61 1502
61 1503
61 1504
61 1505
61 1506
63 64
63 65
63 66
63 67
63 68
63 69
63 70
63 71
63 72
63 73
63 74
63 75
63 76
63 77
63 78
63 79
63 80
63 81
63 82
63 83
84 85
84 86
84 87
84 88
84 89
84 90
84 91
84 92
84 93
84 94
84 95
84 96
84 97
84 98
84 99
84 100
84 101
84 102
84 103
84 104
105 106
105 107
105 108
105 109
105 110
105 111
105 112
105 113
105 114
105 115
105 116
105 117
105 118
105 119
120 121
120 122
120 123
120 124
120 125
120 126
120 127
120 128
120 129
120 130
120 131
120 132
120 133
120 134
120 135
120 136
120 137
120 138
120 139
120 140
141 142
141 143
141 144
141 145
141 146
141 147
141 148
141 149
141 150
141 151
141 152
141 153
141 154
141 155
141 156
141 157
141 158
141 159
141 160
141 161
162 163
162 164
162 165
162 166
162 167
162 168
162 169
162 170
162 171
162 172
162 173
162 174
162 175
162 176
162 177
162 178
162 179
162 180
162 181
162 182
183 184
183 185
183 186
183 187
183 188
183 189
183 190
183 191
183 192
183 193
183 194
183 195
183 196
183 197
183 198
183 199
183 200
183 201
183 202
183 203
204 205
204 206
204 207
204 208
204 209
204 210
204 211
204 212
204 213
204 214
204 215
204 216
204 217
204 218
204 219
204 220
204 221
204 222
204 223
204 224
225 226
225 227
225 228
225 229
225 230
225 231
225 232
225 233
225 234
225 235
225 236
225 237
225 238
225 239
225 240
225 241
225 242
225 243
225 244
225 245
246 247
246 248
246 249
246 250
246 251
246 252
246 253
246 254
246 255
246 256
246 257
246 258
259 260
259 261
259 262
259 263
259 264
259 265
259 266
259 267
259 268
259 269
259 270
259 271
259 272
259 273
259 274
259 275
259 276
259 277
259 278
259 279
259 545
259 601
260 370
265 408
273 408
280 281
280 282
280 283
280 284
280 285
280 286
280 287
280 288
280 289
280 290
280 291
280 292
280 293
280 294
280 295
280 296
280 297
280 298
280 299
280 300
281 285
282 285
283 285
285 288
285 364
285 295
285 365
285 366
285 367
285 368
285 296
285 297
285 369
285 300
285 1477
301 302
301 303
301 304
301 305
301 306
301 307
301 308
301 309
301 310
301 311
301 312
301 313
301 314
301 315
301 316
301 317
301 318
301 319
301 320
301 321
322 323
322 324
322 325
322 326
322 327
322 328
322 329
322 330
322 331
322 332
322 333
322 334
322 335
322 336
322 337
322 338
322 339
322 340
322 341
322 342
343 344
343 345
343 346
343 347
343 348
343 349
343 350
343 351
343 352
343 353
343 354
343 355
343 356
343 357
343 358
343 359
343 360
343 361
343 362
343 363
364 1316
364 1477
370 371
370 372
370 373
370 374
370 375
370 376
370 377
370 378
370 379
370 380
370 381
370 382
370 383
370 384
370 385
370 386
370 387
370 388
370 389
370 390
371 390
371 601
372 390
390 391
390 392
390 393
390 394
390 395
390 396
390 397
390 398
390 399
390 400
390 401
390 402
390 403
390 404
390 405
390 406
390 407
408 409
408 410
408 411
408 412
408 413
408 414
408 415
408 416
408 417
408 418
408 419
408 420
411 442
420 442
421 422
421 423
421 424
421 425
421 426
421 427
421 428
421 429
421 430
421 431
421 432
421 433
421 434
421 435
421 436
421 437
421 438
421 439
421 440
421 441
442 443
442 444
442 445
442 446
442 447
442 448
442 449
442 450
442 451
442 452
442 453
442 454
442 455
442 456
442 457
442 458
442 459
442 460
461 462
461 463
461 464
461 465
461 466
461 467
461 468
461 469
461 470
461 471
461 472
461 473
461 474
461 475
461 476
461 477
461 478
461 479
461 480
461 481
482 483
482 484
482 485
482 486
482 487
482 488
482 489
482 490
482 491
482 492
482 493
482 494
482 495
482 496
482 497
482 498
482 499
482 500
482 501
482 502
503 504
503 505
503 506
503 507
503 508
503 509
503 510
503 511
503 512
503 513
503 514
503 515
503 516
503 517
503 518
503 519
503 520
503 521
503 522
503 523
524 525
524 526
524 527
524 528
524 529
524 530
524 531
524 532
524 533
524 534
524 535
524 536
524 537
524 538
524 539
524 540
524 541
524 542
524 543
524 544
545 546
545 547
545 548
545 549
545 550
545 551
545 552
545 553
545 554
545 555
545 556
545 557
545 558
545 559
545 560
545 561
545 562
545 563
545 564
565 566
565 567
565 568
565 569
565 570
565 571
565 572
565 573
565 574
565 575
565 576
565 577
565 578
565 579
565 580
565 581
565 582
565 583
565 584
565 585
586 587
586 588
586 589
586 590
586 591
586 592
586 593
586 594
586 595
586 596
586 597
586 598
586 599
586 600
601 602
601 603
601 604
601 605
601 606
601 607
601 608
601 609
601 610
601 611
601 612
601 613
614 615
614 616
614 617
614 618
614 619
614 620
614 621
614 622
614 623
614 624
614 625
614 626
614 627
614 628
614 629
614 630
614 631
614 632
614 633
614 634
635 636
635 637
635 638
635 639
635 640
635 641
635 642
635 643
635 644
635 645
635 646
635 647
635 648
635 649
635 650
635 651
635 652
635 653
635 654
635 655
636 677
638 677
640 677
641 677
642 677
656 657
656 658
656 659
656 660
656 661
656 662
656 663
656 664
656 665
656 666
656 667
656 668
656 669
656 670
656 671
656 672
656 673
656 674
656 675
656 676
657 1106
677 678
677 679
677 680
677 681
677 682
677 683
677 684
677 685
677 686
677 687
677 688
677 689
677 690
677 691
677 692
693 694
693 695
693 696
693 697
693 698
693 699
693 700
693 701
693 702
693 703
693 704
693 705
693 706
693 707
693 708
693 709
693 710
693 711
693 712
693 713
696 1876
714 715
714 716
714 717
714 718
714 719
714 720
714 721
714 722
714 723
714 724
714 725
714 726
714 727
714 728
714 729
714 730
714 731
714 732
714 733
714 734
741 2117
746 747
746 748
746 749
746 750
746 751
746 752
746 753
746 754
746 755
746 756
746 757
746 758
746 759
746 760
746 761
746 762
746 763
746 764
746 765
746 766
767 768
767 769
767 770
767 771
767 772
767 773
767 774
767 775
767 776
767 777
767 778
767 779
767 780
767 781
782 783
782 784
782 785
782 786
782 787
782 788
782 789
782 790
782 791
782 792
782 793
782 794
782 795
782 796
782 797
782 798
782 799
782 800
782 801
782 802
803 804
803 805
803 806
803 807
803 808
803 809
803 810
803 811
803 812
803 813
803 814
803 815
803 816
803 817
803 818
803 819
803 820
803 821
803 822
803 823
803 2030
808 1612
808 2030
809 1612
809 2030
810 1612
810 2030
811 1612
811 2030
812 1612
812 2030
813 1612
813 2030
814 1612
814 2030
815 1612
815 2030
816 1612
816 2030
817 2030
818 2030
819 2030
820 2030
821 2030
822 2030
823 2030
824 825
824 826
824 827
824 828
824 829
824 830
824 831
824 832
824 833
824 834
824 835
824 836
824 837
824 838
824 839
824 840
824 841
824 842
824 843
824 844
845 846
845 847
845 848
845 849
845 850
845 851
845 852
845 853
845 854
845 855
845 856
845 857
845 858
845 859
845 860
845 861
845 862
845 863
845 864
845 865
866 867
866 868
866 869
866 870
866 871
866 872
866 873
866 874
866 875
866 876
866 877
866 878
866 879
866 880
881 882
881 883
881 884
881 885
881 886
881 887
881 888
881 889
881 890
881 891
881 892
881 893
881 894
881 895
881 896
881 897
881 898
881 899
881 900
881 901
902 903
902 904
902 905
902 906
902 907
902 908
902 909
902 910
902 911
902 912
902 913
902 914
902 915
902 916
902 917
902 918
902 919
902 920
902 921
902 922
913 1183
923 924
923 925
923 926
923 927
923 928
923 929
923 930
923 931
923 932
923 933
923 934
923 935
923 936
923 937
923 938
923 939
923 940
923 941
923 942
923 943
934 4187
944 945
944 946
944 947
944 948
944 949
944 950
944 951
944 952
944 953
944 954
944 955
944 956
944 957
944 958
944 959
944 960
944 961
944 962
944 963
944 964
965 966
965 967
965 968
965 969
965 970
965 971
965 972
965 973
965 974
965 975
965 976
965 977
965 978
965 979
980 981
980 982
980 983
980 984
980 985
980 986
980 987
980 988
980 989
980 990
980 991
980 992
980 993
980 994
980 995
980 996
980 997
980 998
980 999
980 1000
1001 1002
1001 1003
1001 1004
1001 1005
1001 1006
1001 1007
1001 1008
1001 1009
1001 1010
1001 1011
1001 1012
1001 1013
1001 1014
1001 1015
1001 1016
1001 1017
1001 1018
1001 1019
1001 1020
1001 1021
1022 1023
1022 1024
1022 1025
1022 1026
1022 1027
1022 1028
1022 1029
1022 1030
1022 1031
1022 1032
1022 1033
1022 1034
1022 1035
1022 1036
1022 1037
1022 1038
1022 1039
1022 1040
1022 1041
1022 1042
1041 2289
1041 2491
1043 1044
1043 1045
1043 1046
1043 1047
1043 1048
1043 1049
1043 1050
1043 1051
1043 1052
1043 1053
1043 1054
1043 1055
1043 1056
1043 1057
1043 1058
1043 1059
1043 1060
1043 1061
1043 1062
1043 1063
1064 1065
1064 1066
1064 1067
1064 1068
1064 1069
1064 1070
1064 1071
1064 1072
1064 1073
1064 1074
1064 1075
1064 1076
1064 1077
1064 1078
1064 1079
1064 1080
1064 1081
1064 1082
1064 1083
1064 1084
1085 1086
1085 1087
1085 1088
1085 1089
1085 1090
1085 1091
1085 1092
1085 1093
1085 1094
1085 1095
1085 1096
1085 1097
1085 1098
1085 1099
1085 1100
1085 1101
1085 1102
1085 1103
1085 1104
1085 1105
1106 1107
1106 1108
1106 1109
1106 1110
1106 1111
1106 1112
1106 1113
1106 1114
1106 1115
1106 1116
1106 1117
1106 1118
1106 1119
1120 1121
1120 1122
1120 1123
1120 1124
1120 1125
1120 1126
1120 1127
1120 1128
1120 1129
1120 1130
1120 1131
1120 1132
1120 1133
1120 1134
1120 1135
1120 1136
1120 1137
1120 1138
1120 1139
1120 1140
1141 1142
1141 1143
1141 1144
1141 1145
1141 1146
1141 1147
1141 1148
1141 1149
1141 1150
1141 1151
1141 1152
1141 1153
1141 1154
1141 1155
1141 1156
1141 1157
1141 1158
1141 1159
1141 1160
1141 1161
1162 1163
1162 1164
1162 1165
1162 1166
1162 1167
1162 1168
1162 1169
1162 1170
1162 1171
1162 1172
1162 1173
1162 1174
1162 1175
1162 1176
1162 1177
1162 1178
1162 1179
1162 1180
1162 1181
1162 1182
1183 1184
1183 1185
1183 1186
1183 1187
1183 1188
1183 1189
1183 1190
1183 1191
1183 1192
1183 1193
1183 1194
1183 1195
1183 1196
1183 1197
1183 1198
1183 1199
1183 1200
1183 1201
1183 1202
1203 1204
1203 1205
1203 1206
1203 1207
1203 1208
1203 1209
1203 1210
1203 1211
1203 1212
1203 1213
1203 1214
1203 1215
1203 1216
1203 1217
1218 1219
1218 1220
1218 1221
1218 1222
1218 1223
1218 1224
1218 1225
1218 1226
1218 1227
1218 1228
1218 1229
1218 1230
1218 1231
1218 1232
1218 1233
1218 1234
1218 1235
1218 1236
1218 1237
1218 1238
1239 1240
1239 1241
1239 1242
1239 1243
1239 1244
1239 1245
1239 1246
1239 1247
1239 1248
1239 1249
1239 1250
1239 1251
1239 1252
1239 1253
1239 1254
1239 1255
1239 1256
1239 1257
1239 1258
1239 1259
1260 1261
1260 1262
1260 1263
1260 1264
1260 1265
1260 1266
1260 1267
1260 1268
1260 1269
1260 1270
1260 1271
1260 1272
1260 1273
1260 1274
1260 1275
1260 1276
1260 1277
1260 1278
1260 1279
1260 1280
1271 2330
1271 2331
1271 2332
1271 2333
1271 2334
1271 2335
1271 2336
1271 2337
1271 2338
1271 2339
1271 2340
1271 2341
1271 2342
1271 2343
1271 2344
1271 2345
1271 2346
1271 2347
1271 2348
1271 2349
1281 1282
1281 1283
1281 1284
1281 1285
1281 1286
1281 1287
1281 1288
1281 1289
1281 1290
1281 1291
1281 1292
1281 1293
1281 1294
1281 1295
1281 1296
1281 1297
1281 1298
1281 1299
1281 1300
1281 1301
1302 1303
1302 1304
1302 1305
1302 1306
1302 1307
1302 1308
1309 1310
1309 1311
1309 1312
1309 1313
1309 1314
1309 1315
1316 1317
1316 1318
1316 1319
1316 1320
1316 1321
1316 1322
1316 1323
1316 1324
1316 1325
1316 1326
1316 1327
1316 1328
1316 1329
1316 1330
1316 1331
1316 1332
1316 1333
1316 1334
1316 1335
1336 1337
1336 1338
1336 1339
1336 1340
1336 1341
1336 1342
1336 1343
1336 1344
1336 1345
1336 1346
1336 1347
1336 1348
1336 1349
1336 1350
1336 1351
1336 1352
1336 1353
1336 1354
1336 1355
1336 1356
1357 1358
1357 1359
1357 1360
1357 1361
1357 1362
1357 1363
1357 1364
1357 1365
1357 1366
1357 1367
1357 1368
1357 1369
1357 1370
1357 1371
1357 1372
1357 1373
1357 1374
1357 1375
1357 1376
1357 1377
1378 1379
1378 1380
1378 1381
1378 1382
1378 1383
1378 1384
1378 1385
1378 1386
1378 1387
1378 1388
1378 1389
1378 1390
1378 1391
1378 1392
1378 1393
1378 1394
1378 1395
1378 1396
1378 1397
1378 1398
1379 3847
1399 1400
1399 1401
1399 1402
1399 1403
1399 1404
1399 1405
1399 1406
1399 1407
1399 1408
1399 1409
1399 1410
1399 1411
1399 1412
1399 1413
1399 1414
1399 1415
1399 1416
1399 1417
1399 1418
1399 1419
1399 2556
1405 2556
1420 1421
1420 1422
1420 1423
1420 1424
1420 1425
1420 1426
1420 1427
1420 1428
1420 1429
1420 1430
1420 1431
1420 1432
1420 1433
1420 1434
1435 1436
1435 1437
1435 1438
1435 1439
1435 1440
1435 1441
1435 1442
1435 1443
1435 1444
1435 1445
1435 1446
1435 1447
1435 1448
1435 1449
1435 1450
1435 1451
1435 1452
1435 1453
1435 1454
1435 1455
1456 1457
1456 1458
1456 1459
1456 1460
1456 1461
1456 1462
1456 1463
1456 1464
1456 1465
1456 1466
1456 1467
1456 1468
1456 1469
1456 1470
1456 1471
1456 1472
1456 1473
1456 1474
1456 1475
1456 1476
1477 1478
1477 1479
1477 1480
1477 1481
1477 1482
1477 1483
1477 1484
1477 1485
1477 1486
1477 1487
1477 1488
1477 1489
1482 2707
1507 1508
1507 1509
1507 1510
1507 1511
1507 1512
1507 1513
1507 1514
1507 1515
1507 1516
1507 1517
1507 1518
1507 1519
1507 1520
1507 1521
1507 1522
1507 1523
1507 1524
1507 1525
1507 1526
1507 1527
1528 1529
1528 1530
1528 1531
1528 1532
1528 1533
1528 1534
1528 1535
1528 1536
1528 1537
1528 1538
1528 1539
1528 1540
1528 1541
1528 1542
1528 1543
1528 1544
1528 1545
1528 1546
1528 1547
1528 1548
1549 1550
1549 1551
1549 1552
1549 1553
1549 1554
1549 1555
1549 1556
1549 1557
1549 1558
1549 1559
1549 1560
1549 1561
1549 1562
1549 1563
1549 1564
1549 1565
1549 1566
1549 1567
1549 1568
1549 1569
1553 3275
1570 1571
1570 1572
1570 1573
1570 1574
1570 1575
1570 1576
1570 1577
1570 1578
1570 1579
1570 1580
1570 1581
1570 1582
1570 1583
1570 1584
1570 1585
1570 1586
1570 1587
1570 1588
1570 1589
1570 1590
1591 1592
1591 1593
1591 1594
1591 1595
1591 1596
1591 1597
1591 1598
1591 1599
1591 1600
1591 1601
1591 1602
1591 1603
1591 1604
1591 1605
1591 1606
1591 1607
1591 1608
1591 1609
1591 1610
1591 1611
1612 1613
1612 1614
1612 1615
1612 1616
1612 1617
1618 1619
1618 1620
1618 1621
1618 1622
1618 1623
1618 1624
1618 1625
1618 1626
1618 1627
1618 1628
1618 1629
1618 1630
1618 1631
1618 1632
1619 1622
1621 1630
1622 1625
1622 1624
1622 1623
1622 1684
1622 1685
1622 1630
1622 1629
1622 1686
1622 1687
1622 1688
1622 1689
1622 1690
1622 1632
1622 1691
1622 1692
1622 1693
1622 1694
1622 1695
1623 1625
1625 1702
1625 1629
1625 1630
1625 1691
1625 1721
1625 1722
1625 1723
1625 1724
1625 1725
1625 1726
1625 1727
1625 1728
1625 1694
1630 1692
1630 1702
1630 1703
1630 1704
1630 1705
1630 1706
1630 1707
1630 1708
1630 1709
1630 1710
1630 1711
1630 1712
1630 1713
1630 1714
1630 1715
1630 1716
1630 1717
1630 1718
1630 1687
1633 1634
1633 1635
1633 1636
1633 1637
1633 1638
1633 1639
1633 1640
1633 1641
1633 1642
1633 1643
1633 1644
1633 1645
1633 1646
1633 1647
1648 1649
1648 1650
1648 1651
1648 1652
1648 1653
1648 1654
1648 1655
1648 1656
1648 1657
1648 1658
1648 1659
1648 1660
1648 1661
1648 1662
1648 1663
1648 1664
1648 1665
1648 1666
1648 1667
1648 1668
1669 1670
1669 1671
1669 1672
1669 1673
1669 1674
1669 1675
1669 1676
1669 1677
1669 1678
1669 1679
1669 1680
1669 1681
1669 1682
1669 1683
1669 1696
1670 1696
1670 1682
1670 1719
1670 1671
1670 1673
1670 1674
1670 1675
1670 1676
1670 1677
1670 1678
1670 1679
1670 1672
1670 1720
1670 1683
1671 1729
1672 1696
1674 1696
1675 1696
1675 1729
1676 1696
1679 1729
1680 1696
1680 1729
1682 1696
1682 1729
1683 1696
1683 1729
1696 1697
1696 1698
1696 1699
1696 1700
1696 1701
1698 1729
1699 1729
1700 1729
1701 1729
1729 1730
1729 1731
1729 1732
1729 1733
1734 1735
1734 1736
1734 1737
1734 1738
1734 1739
1734 1740
1734 1741
1734 1742
1734 1743
1734 1744
1734 1745
1734 1746
1734 1747
1734 1748
1734 1749
1734 1750
1734 1751
1734 1752
1734 1753
1734 1754
1735 1741
1735 1744
1735 1745
1735 1746
1735 1736
1735 1737
1735 1749
1735 1738
1735 1739
1735 1740
1735 1742
1735 1743
1735 1747
1735 1748
1735 1750
1735 1751
1735 1755
1735 1756
1735 1757
1737 1758
1740 1758
1758 1759
1758 1760
1758 1761
1758 1762
1758 1763
1758 1764
1758 1765
1758 1766
1758 1767
1758 1768
1758 1769
1758 1770
1758 1771
1758 1772
1758 1773
1758 1774
1758 1775
1758 1776
1777 1778
1777 1779
1777 1780
1777 1781
1777 1782
1777 1783
1777 1784
1777 1785
1777 1786
1777 1787
1777 1788
1777 1789
1777 1790
1777 1791
1777 1792
1777 1793
1777 1794
1777 1795
1777 1796
1777 1797
1798 1799
1798 1800
1798 1801
1798 1802
1798 1803
1798 1804
1798 1805
1798 1806
1798 1807
1798 1808
1798 1809
1798 1810
1798 1811
1798 1812
1813 1814
1813 1815
1813 1816
1813 1817
1813 1818
1813 1819
1813 1820
1813 1821
1813 1822
1813 1823
1813 1824
1813 1825
1813 1826
1813 1827
1813 1828
1813 1829
1813 1830
1813 1831
1813 1832
1813 1833
1834 1835
1834 1836
1834 1837
1834 1838
1834 1839
1834 1840
1834 1841
1834 1842
1834 1843
1834 1844
1834 1845
1834 1846
1834 1847
1834 1848
1834 1849
1834 1850
1834 1851
1834 1852
1834 1853
1834 1854
1855 1856
1855 1857
1855 1858
1855 1859
1855 1860
1855 1861
1855 1862
1855 1863
1855 1864
1855 1865
1855 1866
1855 1867
1855 1868
1855 1869
1855 1870
1855 1871
1855 1872
1855 1873
1855 1874
1855 1875
1867 2471
1867 2472
1867 2473
1867 2474
1867 2475
1867 2476
1867 2477
1867 2478
1867 2479
1867 2480
1867 2481
1867 2482
1867 2483
1867 2484
1867 2485
1867 2486
1867 2487
1867 2488
1867 2489
1867 2490
1867 3993
1869 1876
1876 1877
1876 1878
1876 1879
1876 1880
1876 1881
1876 1882
1876 1883
1876 1884
1876 1885
1876 1886
1876 1887
1876 1888
1876 1889
1876 1890
1876 1891
1876 1892
1876 1893
1876 1894
1895 1896
1895 1897
1895 1898
1895 1899
1895 1900
1895 1901
1895 1902
1895 1903
1895 1904
1895 1905
1895 1906
1895 1907
1895 1908
1895 1909
1910 1911
1910 1912
1910 1913
1910 1914
1910 1915
1910 1916
1910 1917
1910 1918
1910 1919
1910 1920
1910 1921
1910 1922
1910 1923
1910 1924
1910 1925
1910 1926
1910 1927
1910 1928
1910 1929
1910 1930
1913 2034
1931 1932
1931 1933
1931 1934
1931 1935
1931 1936
1931 1937
1931 1938
1931 1939
1931 1940
1931 1941
1931 1942
1931 1943
1931 1944
1931 1945
1931 1946
1931 1947
1931 1948
1931 1949
1931 1950
1931 1951
1952 1953
1952 1954
1952 1955
1952 1956
1952 1957
1952 1958
1952 1959
1952 1960
1952 1961
1952 1962
1952 1963
1952 1964
1952 1965
1952 1966
1953 2150
1954 2150
1967 1968
1967 1969
1967 1970
1967 1971
1967 1972
1967 1973
1967 1974
1967 1975
1967 1976
1967 1977
1967 1978
1967 1979
1967 1980
1967 1981
1967 1982
1967 1983
1967 1984
1967 1985
1967 1986
1967 1987
1988 1989
1988 1990
1988 1991
1988 1992
1988 1993
1988 1994
1988 1995
1988 1996
1988 1997
1988 1998
1988 1999
1988 2000
1988 2001
1988 2002
1988 2003
1988 2004
1988 2005
1988 2006
1988 2007
1988 2008
2009 2010
2009 2011
2009 2012
2009 2013
2009 2014
2009 2015
2009 2016
2009 2017
2009 2018
2009 2019
2009 2020
2009 2021
2009 2022
2009 2023
2009 2024
2009 2025
2009 2026
2009 2027
2009 2028
2009 2029
2030 2031
2030 2032
2030 2033
2034 2035
2034 2036
2034 2037
2034 2038
2034 2039
2034 2040
2034 2041
2034 2042
2034 2043
2034 2044
2034 2045
2034 2046
2034 2047
2034 2048
2034 2049
2034 2050
2034 2051
2034 2052
2034 2053
2054 2055
2054 2056
2054 2057
2054 2058
2054 2059
2054 2060
2054 2061
2054 2062
2054 2063
2054 2064
2054 2065
2054 2066
2054 2067
2054 2068
2054 2069
2054 2070
2054 2071
2054 2072
2054 2073
2054 2074
2075 2076
2075 2077
2075 2078
2075 2079
2075 2080
2075 2081
2075 2082
2075 2083
2075 2084
2075 2085
2075 2086
2075 2087
2075 2088
2075 2089
2075 2090
2075 2091
2075 2092
2075 2093
2075 2094
2075 2095
2096 2097
2096 2098
2096 2099
2096 2100
2096 2101
2096 2102
2096 2103
2096 2104
2096 2105
2096 2106
2096 2107
2096 2108
2096 2109
2096 2110
2096 2111
2096 2112
2096 2113
2096 2114
2096 2115
2096 2116
2117 2118
2117 2119
2117 2120
2117 2121
2117 2122
2117 2123
2117 2124
2117 2125
2117 2126
2117 2127
2117 2128
2129 2130
2129 2131
2129 2132
2129 2133
2129 2134
2129 2135
2129 2136
2129 2137
2129 2138
2129 2139
2129 2140
2129 2141
2129 2142
2129 2143
2129 2144
2129 2145
2129 2146
2129 2147
2129 2148
2129 2149
2150 2151
2150 2152
2150 2153
2150 2154
2150 2155
2150 2156
2150 2157
2150 2158
2150 2159
2150 2160
2150 2161
2150 2162
2150 2163
2150 2164
2150 2165
2150 2166
2150 2167
2150 2168
2155 2350
2158 2350
2160 2350
2169 2170
2169 2171
2169 2172
2169 2173
2169 2174
2169 2175
2169 2176
2169 2177
2169 2178
2169 2179
2169 2180
2169 2181
2169 2182
2169 2183
2169 2184
2169 2185
2169 2186
2169 2187
2169 2188
2169 2189
2190 2191
2190 2192
2190 2193
2190 2194
2190 2195
2190 2196
2190 2197
2190 2198
2190 2199
2190 2200
2190 2201
2190 2202
2190 2203
2190 2204
2190 2205
2190 2206
2190 2207
2190 2208
2190 2209
2190 2210
2211 2212
2211 2213
2211 2214
2211 2215
2211 2216
2211 2217
2211 2218
2211 2219
2211 2220
2211 2221
2211 2222
2211 2223
2211 2224
2211 2225
2211 2226
2211 2227
2211 2228
2211 2229
2211 2230
2211 2231
2232 2233
2232 2234
2232 2235
2232 2236
2232 2237
2232 2238
2232 2239
2232 2240
2232 2241
2232 2242
2232 2243
2232 2244
2232 2245
2232 2246
2247 2248
2247 2249
2247 2250
2247 2251
2247 2252
2247 2253
2247 2254
2247 2255
2247 2256
2247 2257
2247 2258
2247 2259
2247 2260
2247 2261
2247 2262
2247 2263
2247 2264
2247 2265
2247 2266
2247 2267
2268 2269
2268 2270
2268 2271
2268 2272
2268 2273
2268 2274
2268 2275
2268 2276
2268 2277
2268 2278
2268 2279
2268 2280
2268 2281
2268 2282
2268 2283
2268 2284
2268 2285
2268 2286
2268 2287
2268 2288
2289 2290
2289 2291
2289 2292
2289 2293
2289 2294
2289 2295
2289 2296
2289 2297
2289 2298
2289 2299
2289 2300
2289 2301
2289 2302
2289 2303
2289 2304
2289 2305
2289 2306
2289 2307
2289 2308
2301 2452
2305 2452
2309 2310
2309 2311
2309 2312
2309 2313
2309 2314
2309 2315
2309 2316
2309 2317
2309 2318
2309 2319
2309 2320
2309 2321
2309 2322
2309 2323
2309 2324
2309 2325
2309 2326
2309 2327
2309 2328
2309 2329
2350 2351
2350 2352
2350 2353
2350 2354
2350 2355
2350 2356
2350 2357
2350 2358
2350 2359
2350 2360
2350 2361
2350 2362
2350 2363
2350 2364
2350 2365
2350 2366
2350 2367
2368 2369
2368 2370
2368 2371
2368 2372
2368 2373
2368 2374
2368 2375
2368 2376
2368 2377
2368 2378
2368 2379
2368 2380
2368 2381
2368 2382
2368 2383
2368 2384
2368 2385
2368 2386
2368 2387
2368 2388
2389 2390
2389 2391
2389 2392
2389 2393
2389 2394
2389 2395
2389 2396
2389 2397
2389 2398
2389 2399
2389 2400
2389 2401
2389 2402
2389 2403
2389 2404
2389 2405
2389 2406
2389 2407
2389 2408
2389 2409
2410 2411
2410 2412
2410 2413
2410 2414
2410 2415
2410 2416
2410 2417
2410 2418
2410 2419
2410 2420
2410 2421
2410 2422
2410 2423
2410 2424
2410 2425
2410 2426
2410 2427
2410 2428
2410 2429
2410 2430
2431 2432
2431 2433
2431 2434
2431 2435
2431 2436
2431 2437
2431 2438
2431 2439
2431 2440
2431 2441
2431 2442
2431 2443
2431 2444
2431 2445
2431 2446
2431 2447
2431 2448
2431 2449
2431 2450
2431 2451
2452 2453
2452 2454
2452 2455
2452 2456
2452 2457
2452 2458
2452 2459
2452 2460
2452 2461
2452 2462
2452 2463
2452 2464
2452 2465
2452 2466
2452 2467
2452 2468
2452 2469
2452 2470
2471 3993
2472 3993
2474 3993
2475 3993
2476 3993
2480 3993
2483 3993
2489 3993
2491 2492
2491 2493
2491 2494
2491 2495
2491 2496
2491 2497
2491 2498
2491 2499
2491 2500
2491 2501
2491 2502
2491 2503
2491 2504
2505 2506
2505 2507
2505 2508
2505 2509
2505 2510
2505 2511
2505 2512
2505 2513
2505 2514
2505 2515
2505 2516
2505 2517
2505 2518
2505 2519
2520 2521
2520 2522
2520 2523
2520 2524
2520 2525
2520 2526
2520 2527
2520 2528
2520 2529
2520 2530
2520 2531
2520 2532
2520 2533
2520 2534
2535 2536
2535 2537
2535 2538
2535 2539
2535 2540
2535 2541
2535 2542
2535 2543
2535 2544
2535 2545
2535 2546
2535 2547
2535 2548
2535 2549
2535 2550
2535 2551
2535 2552
2535 2553
2535 2554
2535 2555
2556 2557
2556 2558
2556 2559
2556 2560
2556 2561
2556 2562
2556 2563
2556 2564
2556 2565
2556 2566
2556 2567
2556 2568
2569 2570
2569 2571
2569 2572
2569 2573
2569 2574
2569 2575
2569 2576
2569 2577
2569 2578
2569 2579
2569 2580
2569 2581
2569 2582
2569 2583
2584 2585
2584 2586
2584 2587
2584 2588
2584 2589
2584 2590
2584 2591
2584 2592
2584 2593
2584 2594
2584 2595
2584 2596
2584 2597
2584 2598
2599 2600
2599 2601
2599 2602
2599 2603
2599 2604
2599 2605
2599 2606
2599 2607
2599 2608
2599 2609
2599 2610
2599 2611
2599 2612
2599 2613
2614 2615
2614 2616
2614 2617
2614 2618
2614 2619
2614 2620
2614 2621
2614 2622
2614 2623
2614 2624
2614 2625
2614 2626
2614 2627
2614 2628
2614 2629
2614 2630
2614 2631
2614 2632
2614 2633
2614 2634
2635 2636
2635 2637
2635 2638
2635 2639
2635 2640
2635 2641
2635 2642
2635 2643
2635 2644
2635 2645
2635 2646
2635 2647
2635 2648
2635 2649
2649 3337
2650 2651
2650 2652
2650 2653
2650 2654
2650 2655
2650 2656
2650 2657
2650 2658
2650 2659
2650 2660
2650 2661
2650 2662
2650 2663
2650 2664
2650 2665
2650 2666
2650 2667
2650 2668
2650 2669
2650 2670
2671 2672
2671 2673
2671 2674
2671 2675
2671 2676
2671 2677
2671 2678
2671 2679
2671 2680
2671 2681
2671 2682
2671 2683
2671 2684
2671 2685
2686 2687
2686 2688
2686 2689
2686 2690
2686 2691
2686 2692
2686 2693
2686 2694
2686 2695
2686 2696
2686 2697
2686 2698
2686 2699
2686 2700
2686 2701
2686 2702
2686 2703
2686 2704
2686 2705
2686 2706
2707 2708
2707 2709
2707 2710
2707 2711
2707 2712
2707 2713
2707 2714
2707 2715
2707 2716
2707 2717
2707 2718
2707 2719
2707 2720
2721 2722
2721 2723
2721 2724
2721 2725
2721 2726
2721 2727
2721 2728
2721 2729
2721 2730
2721 2731
2721 2732
2721 2733
2721 2734
2721 2735
2721 2736
2721 2737
2721 2738
2721 2739
2721 2740
2721 2741
2742 2743
2742 2744
2742 2745
2742 2746
2742 2747
2742 2748
2742 2749
2742 2750
2742 2751
2742 2752
2742 2753
2742 2754
2742 2755
2742 2756
2742 2757
2742 2758
2742 2759
2742 2760
2742 2761
2742 2762
2763 2764
2763 2765
2763 2766
2763 2767
2763 2768
2763 2769
2763 2770
2763 2771
2763 2772
2763 2773
2763 2774
2763 2775
2763 2776
2763 2777
2763 2778
2763 2779
2763 2780
2763 2781
2763 2782
2763 2783
2784 2785
2784 2786
2784 2787
2784 2788
2784 2789
2784 2790
2784 2791
2784 2792
2784 2793
2784 2794
2784 2795
2784 2796
2784 2797
2784 2798
2784 2799
2784 2800
2784 2801
2784 2802
2784 2803
2784 2804
2805 2806
2805 2807
2805 2808
2805 2809
2805 2810
2805 2811
2805 2812
2805 2813
2805 2814
2805 2815
2805 2816
2805 2817
2805 2818
2805 2819
2820 2821
2820 2822
2820 2823
2820 2824
2820 2825
2820 2826
2820 2827
2820 2828
2820 2829
2820 2830
2820 2831
2820 2832
2820 2833
2820 2834
2820 2835
2820 2836
2820 2837
2820 2838
2820 2839
2820 2840
2841 2842
2841 2843
2841 2844
2841 2845
2841 2846
2841 2847
2841 2848
2841 2849
2841 2850
2841 2851
2841 2852
2841 2853
2841 2854
2841 2855
2856 2857
2856 2858
2856 2859
2856 2860
2856 2861
2856 2862
2856 2863
2856 2864
2856 2865
2856 2866
2856 2867
2856 2868
2856 2869
2856 2870
2856 2871
2856 2872
2856 2873
2856 2874
2856 2875
2856 2876
2877 2878
2877 2879
2877 2880
2877 2881
2877 2882
2877 2883
2877 2884
2877 2885
2877 2886
2877 2887
2877 2888
2877 2889
2877 2890
2877 2891
2877 2892
2877 2893
2877 2894
2877 2895
2877 2896
2877 2897
2898 2899
2898 2900
2898 2901
2898 2902
2898 2903
2898 2904
2898 2905
2898 2906
2898 2907
2898 2908
2898 2909
2898 2910
2898 2911
2898 2912
2898 2913
2898 2914
2898 2915
2898 2916
2898 2917
2898 2918
2919 2920
2919 2921
2919 2922
2919 2923
2919 2924
2919 2925
2919 2926
2919 2927
2919 2928
2919 2929
2919 2930
2919 2931
2919 2932
2919 2933
2919 2934
2919 2935
2919 2936
2919 2937
2919 2938
2919 2939
2940 2941
2940 2942
2940 2943
2940 2944
2940 2945
2940 2946
2940 2947
2940 2948
2940 2949
2940 2950
2940 2951
2940 2952
2940 2953
2940 2954
2940 2955
2940 2956
2940 2957
2940 2958
2940 2959
2940 2960
2961 2962
2961 2963
2961 2964
2961 2965
2961 2966
2961 2967
2961 2968
2961 2969
2961 2970
2961 2971
2961 2972
2961 2973
2961 2974
2961 2975
2961 2976
2961 2977
2961 2978
2961 2979
2961 2980
2961 2981
2982 2983
2982 2984
2982 2985
2982 2986
2982 2987
2982 2988
2982 2989
2982 2990
2982 2991
2982 2992
2982 2993
2982 2994
2982 2995
2982 2996
2982 2997
2982 2998
2982 2999
2982 3000
2982 3001
2982 3002
3003 3004
3003 3005
3003 3006
3003 3007
3003 3008
3003 3009
3003 3010
3003 3011
3003 3012
3003 3013
3003 3014
3003 3015
3003 3016
3003 3017
3003 3018
3003 3019
3003 3020
3003 3021
3003 3022
3003 3023
3024 3025
3024 3026
3024 3027
3024 3028
3024 3029
3024 3030
3024 3031
3024 3032
3024 3033
3024 3034
3024 3035
3024 3036
3024 3037
3024 3038
3024 3039
3024 3040
3024 3041
3024 3042
3024 3043
3024 3044
3045 3046
3045 3047
3045 3048
3045 3049
3045 3050
3045 3051
3045 3052
3045 3053
3045 3054
3045 3055
3045 3056
3045 3057
3045 3058
3045 3059
3045 3060
3045 3061
3045 3062
3045 3063
3045 3064
3045 3065
3066 3067
3066 3068
3066 3069
3066 3070
3066 3071
3066 3072
3066 3073
3066 3074
3066 3075
3066 3076
3066 3077
3066 3078
3066 3079
3066 3080
3081 3082
3081 3083
3081 3084
3081 3085
3081 3086
3081 3087
3081 3088
3081 3089
3081 3090
3081 3091
3081 3092
3081 3093
3081 3094
3081 3095
3081 3096
3081 3097
3081 3098
3081 3099
3081 3100
3081 3101
3102 3103
3102 3104
3102 3105
3102 3106
3102 3107
3102 3108
3102 3109
3102 3110
3102 3111
3102 3112
3102 3113
3102 3114
3102 3115
3102 3116
3102 3117
3102 3118
3102 3119
3102 3120
3102 3121
3102 3122
3123 3124
3123 3125
3123 3126
3123 3127
3123 3128
3123 3129
3123 3130
3123 3131
3123 3132
3123 3133
3123 3134
3123 3135
3123 3136
3123 3137
3123 3138
3123 3139
3123 3140
3123 3141
3123 3142
3123 3143
3144 3145
3144 3146
3144 3147
3144 3148
3144 3149
3144 3150
3144 3151
3144 3152
3144 3153
3144 3154
3144 3155
3144 3156
3144 3157
3144 3158
3144 3159
3144 3160
3144 3161
3144 3162
3144 3163
3144 3164
3165 3166
3165 3167
3165 3168
3165 3169
3165 3170
3165 3171
3165 3172
3165 3173
3165 3174
3165 3175
3165 3176
3165 3177
3165 3178
3165 3179
3165 3180
3165 3181
3165 3182
3165 3183
3165 3184
3165 3185
3186 3187
3186 3188
3186 3189
3186 3190
3186 3191
3186 3192
3186 3193
3186 3194
3186 3195
3186 3196
3186 3197
3186 3198
3186 3199
3186 3200
3186 3201
3186 3202
3186 3203
3186 3204
3186 3205
3186 3206
3207 3208
3207 3209
3207 3210
3207 3211
3207 3212
3207 3213
3207 3214
3207 3215
3207 3216
3207 3217
3207 3218
3207 3219
3207 3220
3207 3221
3207 3222
3207 3223
3207 3224
3207 3225
3207 3226
3207 3227
3228 3229
3228 3230
3228 3231
3228 3232
3228 3233
3228 3234
3228 3235
3228 3236
3228 3237
3228 3238
3228 3239
3228 3240
3228 3241
3228 3242
3228 3243
3228 3244
3228 3245
3228 3246
3228 3247
3228 3248
3249 3250
3249 3251
3249 3252
3249 3253
3254 3255
3254 3256
3254 3257
3254 3258
3254 3259
3254 3260
3254 3261
3254 3262
3254 3263
3254 3264
3254 3265
3254 3266
3254 3267
3254 3268
3254 3269
3254 3270
3254 3271
3254 3272
3254 3273
3254 3274
3275 3276
3275 3277
3275 3278
3275 3279
3275 3280
3275 3281
3275 3282
3275 3283
3275 3284
3275 3285
3275 3286
3275 3287
3275 3288
3275 3289
3275 3290
3275 3291
3275 3292
3275 3293
3275 3294
3295 3296
3295 3297
3295 3298
3295 3299
3295 3300
3295 3301
3295 3302
3295 3303
3295 3304
3295 3305
3295 3306
3295 3307
3295 3308
3295 3309
3295 3310
3295 3311
3295 3312
3295 3313
3295 3314
3295 3315
3316 3317
3316 3318
3316 3319
3316 3320
3316 3321
3316 3322
3316 3323
3316 3324
3316 3325
3316 3326
3316 3327
3316 3328
3316 3329
3316 3330
3316 3331
3316 3332
3316 3333
3316 3334
3316 3335
3316 3336
3337 3338
3337 3339
3337 3340
3337 3341
3337 3342
3337 3343
3337 3344
3337 3345
3337 3346
3337 3347
3337 3348
3337 3349
3337 3350
3337 3351
3337 3352
3337 3353
3337 3354
3337 3355
3337 3356
3357 3358
3357 3359
3357 3360
3357 3361
3357 3362
3357 3363
3357 3364
3357 3365
3357 3366
3357 3367
3357 3368
3357 3369
3357 3370
3357 3371
3357 3372
3357 3373
3357 3374
3357 3375
3357 3376
3357 3377
3358 4312
3369 4312
3377 4312
3378 3379
3378 3380
3378 3381
3378 3382
3378 3383
3378 3384
3378 3385
3378 3386
3378 3387
3378 3388
3378 3389
3378 3390
3378 3391
3378 3392
3378 3393
3378 3394
3378 3395
3378 3396
3378 3397
3378 3398
3399 3400
3399 3401
3399 3402
3399 3403
3399 3404
3399 3405
3399 3406
3407 3408
3407 3409
3407 3410
3407 3411
3407 3412
3407 3413
3407 3414
3407 3415
3407 3416
3407 3417
3407 3418
3407 3419
3407 3420
3407 3421
3407 3422
3407 3423
3407 3424
3407 3425
3407 3426
3407 3427
3428 3429
3428 3430
3428 3431
3428 3432
3428 3433
3428 3434
3428 3435
3428 3436
3428 3437
3428 3438
3428 3439
3428 3440
3428 3441
3428 3442
3428 3443
3428 3444
3428 3445
3428 3446
3428 3447
3428 3448
3449 3450
3449 3451
3449 3452
3449 3453
3449 3454
3449 3455
3449 3456
3449 3457
3449 3458
3449 3459
3449 3460
3449 3461
3449 3462
3449 3463
3449 3464
3449 3465
3449 3466
3449 3467
3449 3468
3449 3469
3470 3471
3470 3472
3470 3473
3470 3474
3470 3475
3470 3476
3470 3477
3470 3478
3470 3479
3470 3480
3470 3481
3470 3482
3470 3483
3470 3484
3470 3485
3470 3486
3470 3487
3470 3488
3470 3489
3470 3490
3491 3492
3491 3493
3491 3494
3491 3495
3491 3496
3491 3497
3491 3498
3491 3499
3491 3500
3491 3501
3491 3502
3491 3503
3491 3504
3491 3505
3491 3506
3491 3507
3491 3508
3491 3509
3491 3510
3491 3511
3512 3513
3512 3514
3512 3515
3512 3516
3512 3517
3512 3518
3512 3519
3512 3520
3512 3521
3512 3522
3512 3523
3512 3524
3512 3525
3512 3526
3512 3527
3512 3528
3512 3529
3512 3530
3512 3531
3512 3532
3533 3534
3533 3535
3533 3536
3533 3537
3533 3538
3533 3539
3533 3540
3533 3541
3533 3542
3533 3543
3533 3544
3533 3545
3533 3546
3533 3547
3533 3548
3533 3549
3533 3550
3533 3551
3533 3552
3533 3553
3554 3555
3554 3556
3554 3557
3554 3558
3554 3559
3554 3560
3554 3561
3554 3562
3554 3563
3554 3564
3554 3565
3554 3566
3554 3567
3554 3568
3554 3569
3554 3570
3554 3571
3554 3572
3554 3573
3554 3574
3575 3576
3575 3577
3575 3578
3575 3579
3575 3580
3575 3581
3575 3582
3575 3583
3575 3584
3575 3585
3575 3586
3575 3587
3575 3588
3575 3589
3575 3590
3575 3591
3575 3592
3575 3593
3575 3594
3575 3595
3596 3597
3596 3598
3596 3599
3596 3600
3596 3601
3596 3602
3596 3603
3596 3604
3596 3605
3596 3606
3596 3607
3596 3608
3596 3609
3596 3610
3596 3611
3596 3612
3596 3613
3596 3614
3596 3615
3596 3616
3617 3618
3617 3619
3617 3620
3617 3621
3617 3622
3617 3623
3617 3624
3617 3625
3617 3626
3617 3627
3617 3628
3617 3629
3617 3630
3617 3631
3617 3632
3617 3633
3617 3634
3617 3635
3617 3636
3617 3637
3638 3639
3638 3640
3638 3641
3638 3642
3638 3643
3638 3644
3638 3645
3638 3646
3638 3647
3638 3648
3638 3649
3638 3650
3638 3651
3638 3652
3638 3653
3638 3654
3638 3655
3638 3656
3638 3657
3638 3658
3659 3660
3659 3661
3659 3662
3659 3663
3659 3664
3659 3665
3659 3666
3659 3667
3659 3668
3659 3669
3659 3670
3659 3671
3659 3672
3659 3673
3659 3674
3659 3675
3659 3676
3659 3677
3659 3678
3679 3680
3679 3681
3679 3682
3679 3683
3679 3684
3679 3685
3679 3686
3679 3687
3679 3688
3679 3689
3679 3690
3679 3691
3679 3692
3679 3693
3679 3694
3679 3695
3679 3696
3679 3697
3679 3698
3679 3699
3700 3701
3700 3702
3700 3703
3700 3704
3700 3705
3700 3706
3700 3707
3700 3708
3700 3709
3700 3710
3700 3711
3700 3712
3700 3713
3700 3714
3700 3715
3700 3716
3700 3717
3700 3718
3700 3719
3700 3720
3721 3722
3721 3723
3721 3724
3721 3725
3721 3726
3721 3727
3721 3728
3721 3729
3721 3730
3721 3731
3721 3732
3721 3733
3721 3734
3721 3735
3721 3736
3721 3737
3721 3738
3721 3739
3721 3740
3721 3741
3742 3743
3742 3744
3742 3745
3742 3746
3742 3747
3742 3748
3742 3749
3742 3750
3742 3751
3742 3752
3742 3753
3742 3754
3742 3755
3742 3756
3742 3757
3742 3758
3742 3759
3742 3760
3742 3761
3742 3762
3763 3764
3763 3765
3763 3766
3763 3767
3763 3768
3763 3769
3763 3770
3763 3771
3763 3772
3763 3773
3763 3774
3763 3775
3763 3776
3763 3777
3763 3778
3763 3779
3763 3780
3763 3781
3763 3782
3763 3783
3784 3785
3784 3786
3784 3787
3784 3788
3784 3789
3784 3790
3784 3791
3784 3792
3784 3793
3784 3794
3784 3795
3784 3796
3784 3797
3784 3798
3784 3799
3784 3800
3784 3801
3784 3802
3784 3803
3784 3804
3805 3806
3805 3807
3805 3808
3805 3809
3805 3810
3805 3811
3805 3812
3805 3813
3805 3814
3805 3815
3805 3816
3805 3817
3805 3818
3805 3819
3805 3820
3805 3821
3805 3822
3805 3823
3805 3824
3805 3825
3826 3827
3826 3828
3826 3829
3826 3830
3826 3831
3826 3832
3826 3833
3826 3834
3826 3835
3826 3836
3826 3837
3826 3838
3826 3839
3826 3840
3826 3841
3826 3842
3826 3843
3826 3844
3826 3845
3826 3846
3847 3848
3847 3849
3847 3850
3847 3851
3847 3852
3847 3853
3847 3854
3847 3855
3847 3856
3847 3857
3847 3858
3847 3859
3847 3860
3847 3861
3847 3862
3847 3863
3847 3864
3847 3865
3847 3866
3867 3868
3867 3869
3867 3870
3867 3871
3867 3872
3867 3873
3867 3874
3867 3875
3867 3876
3867 3877
3867 3878
3867 3879
3867 3880
3867 3881
3867 3882
3867 3883
3867 3884
3867 3885
3867 3886
3867 3887
3888 3889
3888 3890
3888 3891
3888 3892
3888 3893
3888 3894
3888 3895
3888 3896
3888 3897
3888 3898
3888 3899
3888 3900
3888 3901
3888 3902
3888 3903
3888 3904
3888 3905
3888 3906
3888 3907
3888 3908
3909 3910
3909 3911
3909 3912
3909 3913
3909 3914
3909 3915
3909 3916
3909 3917
3909 3918
3909 3919
3909 3920
3909 3921
3909 3922
3909 3923
3909 3924
3909 3925
3909 3926
3909 3927
3909 3928
3909 3929
3930 3931
3930 3932
3930 3933
3930 3934
3930 3935
3930 3936
3930 3937
3930 3938
3930 3939
3930 3940
3930 3941
3930 3942
3930 3943
3930 3944
3930 3945
3930 3946
3930 3947
3930 3948
3930 3949
3930 3950
3951 3952
3951 3953
3951 3954
3951 3955
3951 3956
3951 3957
3951 3958
3951 3959
3951 3960
3951 3961
3951 3962
3951 3963
3951 3964
3951 3965
3951 3966
3951 3967
3951 3968
3951 3969
3951 3970
3951 3971
3972 3973
3972 3974
3972 3975
3972 3976
3972 3977
3972 3978
3972 3979
3972 3980
3972 3981
3972 3982
3972 3983
3972 3984
3972 3985
3972 3986
3972 3987
3972 3988
3972 3989
3972 3990
3972 3991
3972 3992
3993 3994
3993 3995
3993 3996
3993 3997
3993 3998
3993 3999
3993 4000
3993 4001
3993 4002
3993 4003
3993 4004
4005 4006
4005 4007
4005 4008
4005 4009
4005 4010
4005 4011
4005 4012
4005 4013
4005 4014
4005 4015
4005 4016
4005 4017
4005 4018
4005 4019
4005 4020
4005 4021
4005 4022
4005 4023
4005 4024
4005 4025
4026 4027
4026 4028
4026 4029
4026 4030
4026 4031
4026 4032
4026 4033
4026 4034
4026 4035
4026 4036
4026 4037
4026 4038
4026 4039
4026 4040
4026 4041
4026 4042
4026 4043
4026 4044
4026 4045
4046 4047
4046 4048
4046 4049
4046 4050
4046 4051
4046 4052
4046 4053
4046 4054
4046 4055
4046 4056
4046 4057
4046 4058
4046 4059
4046 4060
4046 4061
4046 4062
4046 4063
4046 4064
4046 4065
4046 4066
4067 4068
4067 4069
4067 4070
4067 4071
4067 4072
4067 4073
4067 4074
4067 4075
4067 4076
4067 4077
4067 4078
4067 4079
4067 4080
4067 4081
4067 4082
4067 4083
4067 4084
4067 4085
4067 4086
4067 4087
4068 4172
4069 4172
4070 4172
4071 4172
4072 4172
4073 4172
4088 4089
4088 4090
4088 4091
4088 4092
4088 4093
4088 4094
4088 4095
4088 4096
4088 4097
4088 4098
4088 4099
4088 4100
4088 4101
4088 4102
4088 4103
4088 4104
4088 4105
4088 4106
4088 4107
4088 4108
4109 4110
4109 4111
4109 4112
4109 4113
4109 4114
4109 4115
4109 4116
4109 4117
4109 4118
4109 4119
4109 4120
4109 4121
4109 4122
4109 4123
4109 4124
4109 4125
4109 4126
4109 4127
4109 4128
4109 4129
4130 4131
4130 4132
4130 4133
4130 4134
4130 4135
4130 4136
4130 4137
4130 4138
4130 4139
4130 4140
4130 4141
4130 4142
4130 4143
4130 4144
4130 4145
4130 4146
4130 4147
4130 4148
4130 4149
4130 4150
4151 4152
4151 4153
4151 4154
4151 4155
4151 4156
4151 4157
4151 4158
4151 4159
4151 4160
4151 4161
4151 4162
4151 4163
4151 4164
4151 4165
4151 4166
4151 4167
4151 4168
4151 4169
4151 4170
4151 4171
4172 4173
4172 4174
4172 4175
4172 4176
4172 4177
4172 4178
4172 4179
4172 4180
4172 4181
4172 4182
4172 4183
4172 4184
4172 4185
4172 4186
4187 4188
4187 4189
4187 4190
4187 4191
4187 4192
4187 4193
4187 4194
4187 4195
4187 4196
4187 4197
4187 4198
4187 4199
4187 4200
4187 4201
4187 4202
4187 4203
4187 4204
4187 4205
4187 4206
4207 4208
4207 4209
4207 4210
4207 4211
4207 4212
4207 4213
4207 4214
4207 4215
4207 4216
4207 4217
4207 4218
4207 4219
4207 4220
4207 4221
4207 4222
4207 4223
4207 4224
4207 4225
4207 4226
4207 4227
4228 4229
4228 4230
4228 4231
4228 4232
4228 4233
4228 4234
4228 4235
4228 4236
4228 4237
4228 4238
4228 4239
4228 4240
4228 4241
4228 4242
4228 4243
4228 4244
4228 4245
4228 4246
4228 4247
4228 4248
4249 4250
4249 4251
4249 4252
4249 4253
4249 4254
4249 4255
4249 4256
4249 4257
4249 4258
4249 4259
4249 4260
4249 4261
4249 4262
4249 4263
4249 4264
4249 4265
4249 4266
4249 4267
4249 4268
4249 4269
4270 4271
4270 4272
4270 4273
4270 4274
4270 4275
4270 4276
4270 4277
4270 4278
4270 4279
4270 4280
4270 4281
4270 4282
4270 4283
4270 4284
4270 4285
4270 4286
4270 4287
4270 4288
4270 4289
4270 4290
4291 4292
4291 4293
4291 4294
4291 4295
4291 4296
4291 4297
4291 4298
4291 4299
4291 4300
4291 4301
4291 4302
4291 4303
4291 4304
4291 4305
4291 4306
4291 4307
4291 4308
4291 4309
4291 4310
4291 4311
4312 4313
4312 4314
4312 4315
4312 4316
4312 4317
4312 4318
4312 4319
4312 4320
4312 4321
4312 4322
4312 4323
4312 4324
4312 4325
4312 4326
4312 4327
4312 4328
4312 4329
